0.000000 1.000000
0.011450 1.000000
0.022900 1.000000
0.034350 1.000000
0.045800 1.000000
0.057250 1.000000
0.068700 1.000000
0.080150 1.000000
0.091600 1.000000
0.103050 1.000000
0.114500 1.000000
0.125950 1.000000
0.137400 1.000000
0.148850 1.000000
0.160300 1.000000
0.171750 1.000000
0.183200 1.000000
0.194650 1.000000
0.206100 1.000000
0.217550 1.000000
0.229000 1.000000
0.240450 1.000000
0.251900 1.000000
0.263350 1.000000
0.274800 1.000000
0.286250 1.000000
0.297700 1.000000
0.309150 1.000000
0.320600 1.000000
0.332050 1.000000
0.343500 1.000000
0.354950 1.000000
0.366400 1.000000
0.377850 1.000000
0.389300 1.000000
0.400750 1.000000
0.412200 1.000000
0.423650 1.000000
0.435100 1.000000
0.446550 1.000000
0.458000 1.000000
0.469450 1.000000
0.480900 1.000000
0.492350 1.000000
0.503800 1.000000
0.515250 1.000000
0.526700 1.000000
0.538150 1.000000
0.549600 1.000000
0.561050 1.000000
0.572500 1.000000
0.583950 1.000000
0.595400 1.000000
0.606850 1.000000
0.618300 1.000000
0.629750 1.000000
0.641200 1.000000
0.652650 1.000000
0.664100 1.000000
0.675550 1.000000
0.687000 1.000000
0.698450 1.000000
0.709900 1.000000
0.721350 1.000000
0.732800 1.000000
0.744250 1.000000
0.755700 1.000000
0.767150 1.000000
0.778600 1.000000
0.790050 1.000000
0.801500 1.000000
0.812950 1.000000
0.824400 1.000000
0.835850 1.000000
0.847300 1.000000
0.858750 1.000000
0.870200 1.000000
0.881650 1.000000
0.893100 1.000000
0.904550 1.000000
0.916000 1.000000
0.927450 1.000000
0.938900 1.000000
0.950350 1.000000
0.961800 1.000000
0.973250 1.000000
0.984700 1.000000
0.996150 1.000000
1.007600 1.000000
1.019050 1.000000
1.030500 1.000000
1.041950 1.000000
1.053400 1.000000
1.064850 1.000000
1.076300 1.000000
1.087750 1.000000
1.099200 0.999822
1.110650 0.998893
1.122100 0.997622
1.133550 0.996175
1.145000 0.994659
1.156450 0.993162
1.167900 0.991780
1.179350 0.990634
1.190800 0.990000
1.202250 0.990000
1.213700 0.990000
1.225150 0.990000
1.236600 0.990000
1.248050 0.990000
1.259500 0.990000
1.270950 0.990000
1.282400 0.990000
1.293850 0.990000
1.305300 0.990000
1.316750 0.990000
1.328200 0.990000
1.339650 0.990000
1.351100 0.990000
1.362550 0.990000
1.374000 0.990000
1.385450 0.990000
1.396900 0.990000
1.408350 0.990000
1.419800 0.990000
1.431250 0.990000
1.442700 0.990000
1.454150 0.990000
1.465600 0.990000
1.477050 0.990000
1.488500 0.990000
1.499950 0.990000
1.511400 0.990000
1.522850 0.990000
1.534300 0.990000
1.545750 0.990000
1.557200 0.990000
1.568650 0.990000
1.580100 0.990000
1.591550 0.990000
1.603000 0.990000
1.614450 0.990000
1.625900 0.990000
1.637350 0.990000
1.648800 0.990000
1.660250 0.990000
1.671700 0.990000
1.683150 0.990000
1.694600 0.990000
1.706050 0.990000
1.717500 0.990000
1.728950 0.990000
1.740400 0.990000
1.751850 0.990000
1.763300 0.990000
1.774750 0.990000
1.786200 0.990000
1.797650 0.990000
1.809100 0.990000
1.820550 0.990626
1.832000 0.991768
1.843450 0.993149
1.854900 0.994645
1.866350 0.996162
1.877800 0.997610
1.889250 0.998883
1.900700 0.999816
1.912150 1.000000
1.923600 1.000000
1.935050 1.000000
1.946500 1.000000
1.957950 1.000000
1.969400 1.000000
1.980850 1.000000
1.992300 1.000000
2.003750 1.000000
2.015200 1.000000
2.026650 1.000000
2.038100 1.000000
2.049550 1.000000
2.061000 1.000000
2.072450 1.000000
2.083900 1.000000
2.095350 1.000000
2.106800 1.000000
2.118250 1.000000
2.129700 1.000000
2.141150 1.000000
2.152600 1.000000
2.164050 1.000000
2.175500 1.000000
2.186950 1.000000
2.198400 1.000000
2.209850 1.000000
2.221300 1.000000
2.232750 1.000000
2.244200 1.000000
2.255650 1.000000
2.267100 1.000000
2.278550 1.000000
2.290000 1.000000
2.301450 1.000000
2.312900 1.000000
2.324350 1.000000
2.335800 1.000000
2.347250 1.000000
2.358700 1.000000
2.370150 1.000000
2.381600 1.000000
2.393050 1.000000
2.404500 1.000000
2.415950 1.000000
2.427400 1.000000
2.438850 1.000000
2.450300 1.000000
2.461750 1.000000
2.473200 1.000000
2.484650 1.000000
2.496100 1.000000
2.507550 1.000000
2.519000 1.000000
2.530450 1.000000
2.541900 1.000000
2.553350 1.000000
2.564800 1.000000
2.576250 1.000000
2.587700 1.000000
2.599150 1.000000
2.610600 1.000000
2.622050 1.000000
2.633500 1.000000
2.644950 1.000000
2.656400 1.000000
2.667850 1.000000
2.679300 1.000000
2.690750 1.000000
2.702200 1.000000
2.713650 1.000000
2.725100 1.000000
2.736550 1.000000
2.748000 1.000000
2.759450 1.000000
2.770900 1.000000
2.782350 1.000000
2.793800 1.000000
2.805250 1.000000
2.816700 1.000000
2.828150 1.000000
2.839600 1.000000
2.851050 1.000000
2.862500 1.000000
2.873950 1.000000
2.885400 1.000000
2.896850 1.000000
2.908300 1.000000
2.919750 1.000000
2.931200 1.000000
2.942650 1.000000
2.954100 1.000000
2.965550 1.000000
2.977000 1.000000
2.988450 1.000000
2.999900 1.000000
3.011350 1.000000
3.022800 1.000000
3.034250 1.000000
3.045700 1.000000
3.057150 1.000000
3.068600 1.000000
3.080050 1.000000
3.091500 1.000000
3.102950 1.000000
3.114400 1.000000
3.125850 1.000000
3.137300 1.000000
3.148750 1.000000
3.160200 1.000000
3.171650 1.000000
3.183100 1.000000
3.194550 1.000000
3.206000 1.000000
3.217450 1.000000
3.228900 1.000000
3.240350 1.000000
3.251800 1.000000
3.263250 1.000000
3.274700 1.000000
3.286150 1.000000
3.297600 1.000000
3.309050 1.000000
3.320500 1.000000
3.331950 1.000000
3.343400 1.000000
3.354850 1.000000
3.366300 1.000000
3.377750 1.000000
3.389200 1.000000
3.400650 1.000000
3.412100 1.000000
3.423550 1.000000
3.435000 1.000000
3.446450 1.000000
3.457900 1.000000
3.469350 1.000000
3.480800 1.000000
3.492250 1.000000
3.503700 1.000000
3.515150 1.000000
3.526600 1.000000
3.538050 1.000000
3.549500 1.000000
3.560950 1.000000
3.572400 1.000000
3.583850 1.000000
3.595300 1.000000
3.606750 1.000000
3.618200 1.000000
3.629650 1.000000
3.641100 1.000000
3.652550 1.000000
3.664000 1.000000
3.675450 1.000000
3.686900 1.000000
3.698350 1.000000
3.709800 1.000000
3.721250 1.000000
3.732700 1.000000
3.744150 1.000000
3.755600 1.000000
3.767050 1.000000
3.778500 1.000000
3.789950 1.000000
3.801400 1.000000
3.812850 1.000000
3.824300 1.000000
3.835750 1.000000
3.847200 1.000000
3.858650 1.000000
3.870100 1.000000
3.881550 1.000000
3.893000 1.000000
3.904450 1.000000
3.915900 1.000000
3.927350 1.000000
3.938800 1.000000
3.950250 1.000000
3.961700 1.000000
3.973150 1.000000
3.984600 1.000000
3.996050 1.000000
4.007500 1.000000
4.018950 1.000000
4.030400 1.000000
4.041850 1.000000
4.053300 1.000000
4.064750 1.000000
4.076200 1.000000
4.087650 1.000000
4.099100 1.000000
4.110550 1.000000
4.122000 1.000000
4.133450 1.000000
4.144900 1.000000
4.156350 1.000000
4.167800 1.000000
4.179250 1.000000
4.190700 1.000000
4.202150 1.000000
4.213600 1.000000
4.225050 1.000000
4.236500 1.000000
4.247950 1.000000
4.259400 1.000000
4.270850 1.000000
4.282300 1.000000
4.293750 1.000000
4.305200 1.000000
4.316650 1.000000
4.328100 1.000000
4.339550 1.000000
4.351000 1.000000
4.362450 1.000000
4.373900 1.000000
4.385350 1.000000
4.396800 1.000000
4.408250 1.000000
4.419700 1.000000
4.431150 1.000000
4.442600 1.000000
4.454050 1.000000
4.465500 1.000000
4.476950 1.000000
4.488400 1.000000
4.499850 1.000000
4.511300 1.000000
4.522750 1.000000
4.534200 1.000000
4.545650 1.000000
4.557100 1.000000
4.568550 1.000000
4.580000 1.000000
4.591450 1.000000
4.602900 1.000000
4.614350 1.000000
4.625800 1.000000
4.637250 1.000000
4.648700 1.000000
4.660150 1.000000
4.671600 1.000000
4.683050 1.000000
4.694500 1.000000
4.705950 1.000000
4.717400 1.000000
4.728850 1.000000
4.740300 1.000000
4.751750 1.000000
4.763200 1.000000
4.774650 1.000000
4.786100 1.000000
4.797550 1.000000
4.809000 1.000000
4.820450 1.000000
4.831900 1.000000
4.843350 1.000000
4.854800 1.000000
4.866250 1.000000
4.877700 1.000000
4.889150 1.000000
4.900600 1.000000
4.912050 1.000000
4.923500 1.000000
4.934950 1.000000
4.946400 1.000000
4.957850 1.000000
4.969300 1.000000
4.980750 1.000000
4.992200 1.000000
5.003650 1.000000
5.015100 1.000000
5.026550 1.000000
5.038000 1.000000
5.049450 1.000000
5.060900 1.000000
5.072350 1.000000
5.083800 1.000000
5.095250 0.999990
5.106700 0.999264
5.118150 0.998086
5.129600 0.996687
5.141050 0.995184
5.152500 0.993670
5.163950 0.992237
5.175400 0.990992
5.186850 0.990116
5.198300 0.990000
5.209750 0.990000
5.221200 0.990000
5.232650 0.990000
5.244100 0.990000
5.255550 0.990000
5.267000 0.990000
5.278450 0.990000
5.289900 0.990000
5.301350 0.990000
5.312800 0.990000
5.324250 0.990000
5.335700 0.990000
5.347150 0.990000
5.358600 0.990000
5.370050 0.990000
5.381500 0.990000
5.392950 0.990000
5.404400 0.990000
5.415850 0.990000
5.427300 0.990000
5.438750 0.990000
5.450200 0.990000
5.461650 0.990000
5.473100 0.990000
5.484550 0.990000
5.496000 0.990000
5.507450 0.990000
5.518900 0.990000
5.530350 0.990000
5.541800 0.990000
5.553250 0.990000
5.564700 0.990000
5.576150 0.990000
5.587600 0.990000
5.599050 0.990000
5.610500 0.990000
5.621950 0.990000
5.633400 0.990000
5.644850 0.990000
5.656300 0.990000
5.667750 0.990000
5.679200 0.990000
5.690650 0.990000
5.702100 0.990000
5.713550 0.990000
5.725000 0.990000
5.736450 0.990000
5.747900 0.990000
5.759350 0.990000
5.770800 0.990000
5.782250 0.990000
5.793700 0.990000
5.805150 0.990000
5.816600 0.990322
5.828050 0.991339
5.839500 0.992655
5.850950 0.994122
5.862400 0.995642
5.873850 0.997124
5.885300 0.998471
5.896750 0.999549
5.908200 1.000000
5.919650 1.000000
5.931100 1.000000
5.942550 1.000000
5.954000 1.000000
5.965450 1.000000
5.976900 1.000000
5.988350 1.000000
5.999800 1.000000
6.011250 1.000000
6.022700 1.000000
6.034150 1.000000
6.045600 1.000000
6.057050 1.000000
6.068500 1.000000
6.079950 1.000000
6.091400 1.000000
6.102850 1.000000
6.114300 1.000000
6.125750 1.000000
6.137200 1.000000
6.148650 1.000000
6.160100 1.000000
6.171550 1.000000
6.183000 1.000000
6.194450 1.000000
6.205900 1.000000
6.217350 1.000000
6.228800 1.000000
6.240250 1.000000
6.251700 1.000000
6.263150 1.000000
6.274600 1.000000
6.286050 1.000000
6.297500 1.000000
6.308950 1.000000
6.320400 1.000000
6.331850 1.000000
6.343300 1.000000
6.354750 1.000000
6.366200 1.000000
6.377650 1.000000
6.389100 1.000000
6.400550 1.000000
6.412000 1.000000
6.423450 1.000000
6.434900 1.000000
6.446350 1.000000
6.457800 1.000000
6.469250 1.000000
6.480700 1.000000
6.492150 1.000000
6.503600 1.000000
6.515050 1.000000
6.526500 1.000000
6.537950 1.000000
6.549400 1.000000
6.560850 1.000000
6.572300 1.000000
6.583750 1.000000
6.595200 1.000000
6.606650 1.000000
6.618100 1.000000
6.629550 1.000000
6.641000 1.000000
6.652450 1.000000
6.663900 1.000000
6.675350 1.000000
6.686800 1.000000
6.698250 1.000000
6.709700 1.000000
6.721150 1.000000
6.732600 1.000000
6.744050 1.000000
6.755500 1.000000
6.766950 1.000000
6.778400 1.000000
6.789850 1.000000
6.801300 1.000000
6.812750 1.000000
6.824200 1.000000
6.835650 1.000000
6.847100 1.000000
6.858550 1.000000
6.870000 1.000000
6.881450 1.000000
6.892900 1.000000
6.904350 1.000000
6.915800 1.000000
6.927250 1.000000
6.938700 1.000000
6.950150 1.000000
6.961600 1.000000
6.973050 1.000000
6.984500 1.000000
6.995950 1.000000
7.007400 1.000000
7.018850 1.000000
7.030300 1.000000
7.041750 1.000000
7.053200 1.000000
7.064650 1.000000
7.076100 1.000000
7.087550 1.000000
7.099000 1.000000
7.110450 1.000000
7.121900 1.000000
7.133350 1.000000
7.144800 1.000000
7.156250 1.000000
7.167700 1.000000
7.179150 1.000000
7.190600 1.000000
7.202050 1.000000
7.213500 1.000000
7.224950 1.000000
7.236400 1.000000
7.247850 1.000000
7.259300 1.000000
7.270750 1.000000
7.282200 1.000000
7.293650 1.000000
7.305100 1.000000
7.316550 1.000000
7.328000 1.000000
7.339450 1.000000
7.350900 1.000000
7.362350 1.000000
7.373800 1.000000
7.385250 1.000000
7.396700 1.000000
7.408150 1.000000
7.419600 1.000000
7.431050 1.000000
7.442500 1.000000
7.453950 1.000000
7.465400 1.000000
7.476850 1.000000
7.488300 1.000000
7.499750 1.000000
7.511200 1.000000
7.522650 1.000000
7.534100 1.000000
7.545550 1.000000
7.557000 1.000000
7.568450 1.000000
7.579900 1.000000
7.591350 1.000000
7.602800 1.000000
7.614250 1.000000
7.625700 1.000000
7.637150 1.000000
7.648600 1.000000
7.660050 1.000000
7.671500 1.000000
7.682950 1.000000
7.694400 1.000000
7.705850 1.000000
7.717300 1.000000
7.728750 1.000000
7.740200 1.000000
7.751650 1.000000
7.763100 1.000000
7.774550 1.000000
7.786000 1.000000
7.797450 1.000000
7.808900 1.000000
7.820350 1.000000
7.831800 1.000000
7.843250 1.000000
7.854700 1.000000
7.866150 1.000000
7.877600 1.000000
7.889050 1.000000
7.900500 1.000000
7.911950 1.000000
7.923400 1.000000
7.934850 1.000000
7.946300 1.000000
7.957750 1.000000
7.969200 1.000000
7.980650 1.000000
7.992100 1.000000
8.003550 1.000000
8.015000 1.000000
8.026450 1.000000
8.037900 1.000000
8.049350 1.000000
8.060800 1.000000
8.072250 1.000000
8.083700 1.000000
8.095150 1.000000
8.106600 1.000000
8.118050 1.000000
8.129500 1.000000
8.140950 1.000000
8.152400 1.000000
8.163850 1.000000
8.175300 1.000000
8.186750 1.000000
8.198200 1.000000
8.209650 1.000000
8.221100 1.000000
8.232550 1.000000
8.244000 1.000000
8.255450 1.000000
8.266900 1.000000
8.278350 1.000000
8.289800 1.000000
8.301250 1.000000
8.312700 1.000000
8.324150 1.000000
8.335600 1.000000
8.347050 1.000000
8.358500 1.000000
8.369950 1.000000
8.381400 1.000000
8.392850 1.000000
8.404300 1.000000
8.415750 1.000000
8.427200 1.000000
8.438650 1.000000
8.450100 1.000000
8.461550 1.000000
8.473000 1.000000
8.484450 1.000000
8.495900 1.000000
8.507350 1.000000
8.518800 1.000000
8.530250 1.000000
8.541700 1.000000
8.553150 1.000000
8.564600 1.000000
8.576050 1.000000
8.587500 1.000000
8.598950 1.000000
8.610400 1.000000
8.621850 1.000000
8.633300 1.000000
8.644750 1.000000
8.656200 1.000000
8.667650 1.000000
8.679100 1.000000
8.690550 1.000000
8.702000 1.000000
8.713450 1.000000
8.724900 1.000000
8.736350 1.000000
8.747800 1.000000
8.759250 1.000000
8.770700 1.000000
8.782150 1.000000
8.793600 1.000000
8.805050 1.000000
8.816500 1.000000
8.827950 1.000000
8.839400 1.000000
8.850850 1.000000
8.862300 1.000000
8.873750 1.000000
8.885200 1.000000
8.896650 1.000000
8.908100 1.000000
8.919550 1.000000
8.931000 1.000000
8.942450 1.000000
8.953900 1.000000
8.965350 1.000000
8.976800 1.000000
8.988250 1.000000
8.999700 1.000000
9.011150 1.000000
9.022600 1.000000
9.034050 1.000000
9.045500 1.000000
9.056950 1.000000
9.068400 1.000000
9.079850 1.000000
9.091300 1.000000
9.102750 0.999587
9.114200 0.998525
9.125650 0.997187
9.137100 0.995708
9.148550 0.994188
9.160000 0.992716
9.171450 0.991392
9.182900 0.990357
9.194350 0.990000
9.205800 0.990000
9.217250 0.990000
9.228700 0.990000
9.240150 0.990000
9.251600 0.990000
9.263050 0.990000
9.274500 0.990000
9.285950 0.990000
9.297400 0.990000
9.308850 0.990000
9.320300 0.990000
9.331750 0.990000
9.343200 0.990000
9.354650 0.990000
9.366100 0.990000
9.377550 0.990000
9.389000 0.990000
9.400450 0.990000
9.411900 0.990000
9.423350 0.990000
9.434800 0.990000
9.446250 0.990000
9.457700 0.990000
9.469150 0.990000
9.480600 0.990000
9.492050 0.990000
9.503500 0.990000
9.514950 0.990000
9.526400 0.990000
9.537850 0.990000
9.549300 0.990000
9.560750 0.990000
9.572200 0.990000
9.583650 0.990000
9.595100 0.990000
9.606550 0.990000
9.618000 0.990000
9.629450 0.990000
9.640900 0.990000
9.652350 0.990000
9.663800 0.990000
9.675250 0.990000
9.686700 0.990000
9.698150 0.990000
9.709600 0.990000
9.721050 0.990000
9.732500 0.990000
9.743950 0.990000
9.755400 0.990000
9.766850 0.990000
9.778300 0.990000
9.789750 0.990000
9.801200 0.990000
9.812650 0.990092
9.824100 0.990945
9.835550 0.992178
9.847000 0.993605
9.858450 0.995118
9.869900 0.996623
9.881350 0.998029
9.892800 0.999220
9.904250 0.999977
9.915700 1.000000
9.927150 1.000000
9.938600 1.000000
9.950050 1.000000
9.961500 1.000000
9.972950 1.000000
9.984400 1.000000
9.995850 1.000000
10.007300 1.000000
10.018750 1.000000
10.030200 1.000000
10.041650 1.000000
10.053100 1.000000
10.064550 1.000000
10.076000 1.000000
10.087450 1.000000
10.098900 1.000000
10.110350 1.000000
10.121800 1.000000
10.133250 1.000000
10.144700 1.000000
10.156150 1.000000
10.167600 1.000000
10.179050 1.000000
10.190500 1.000000
10.201950 1.000000
10.213400 1.000000
10.224850 1.000000
10.236300 1.000000
10.247750 1.000000
10.259200 1.000000
10.270650 1.000000
10.282100 1.000000
10.293550 1.000000
10.305000 1.000000
10.316450 1.000000
10.327900 1.000000
10.339350 1.000000
10.350800 1.000000
10.362250 1.000000
10.373700 1.000000
10.385150 1.000000
10.396600 1.000000
10.408050 1.000000
10.419500 1.000000
10.430950 1.000000
10.442400 1.000000
10.453850 1.000000
10.465300 1.000000
10.476750 1.000000
10.488200 1.000000
10.499650 1.000000
10.511100 1.000000
10.522550 1.000000
10.534000 1.000000
10.545450 1.000000
10.556900 1.000000
10.568350 1.000000
10.579800 1.000000
10.591250 1.000000
10.602700 1.000000
10.614150 1.000000
10.625600 1.000000
10.637050 1.000000
10.648500 1.000000
10.659950 1.000000
10.671400 1.000000
10.682850 1.000000
10.694300 1.000000
10.705750 1.000000
10.717200 1.000000
10.728650 1.000000
10.740100 1.000000
10.751550 1.000000
10.763000 1.000000
10.774450 1.000000
10.785900 1.000000
10.797350 1.000000
10.808800 1.000000
10.820250 1.000000
10.831700 1.000000
10.843150 1.000000
10.854600 1.000000
10.866050 1.000000
10.877500 1.000000
10.888950 1.000000
10.900400 1.000000
10.911850 1.000000
10.923300 1.000000
10.934750 1.000000
10.946200 1.000000
10.957650 1.000000
10.969100 1.000000
10.980550 1.000000
10.992000 1.000000
11.003450 1.000000
11.014900 1.000000
11.026350 1.000000
11.037800 1.000000
11.049250 1.000000
11.060700 1.000000
11.072150 1.000000
11.083600 1.000000
11.095050 1.000000
11.106500 1.000000
11.117950 1.000000
11.129400 1.000000
11.140850 1.000000
11.152300 1.000000
11.163750 1.000000
11.175200 1.000000
11.186650 1.000000
11.198100 1.000000
11.209550 1.000000
11.221000 1.000000
11.232450 1.000000
11.243900 1.000000
11.255350 1.000000
11.266800 1.000000
11.278250 1.000000
11.289700 1.000000
11.301150 1.000000
11.312600 1.000000
11.324050 1.000000
11.335500 1.000000
11.346950 1.000000
11.358400 1.000000
11.369850 1.000000
11.381300 1.000000
11.392750 1.000000
11.404200 1.000000
11.415650 1.000000
11.427100 1.000000
11.438550 1.000000
11.450000 1.000000
11.461450 1.000000
11.472900 1.000000
11.484350 1.000000
11.495800 1.000000
11.507250 1.000000
11.518700 1.000000
11.530150 1.000000
11.541600 1.000000
11.553050 1.000000
11.564500 1.000000
11.575950 1.000000
11.587400 1.000000
11.598850 1.000000
11.610300 1.000000
11.621750 1.000000
11.633200 1.000000
11.644650 1.000000
11.656100 1.000000
11.667550 1.000000
11.679000 1.000000
11.690450 1.000000
11.701900 1.000000
11.713350 1.000000
11.724800 1.000000
11.736250 1.000000
11.747700 1.000000
11.759150 1.000000
11.770600 1.000000
11.782050 1.000000
11.793500 1.000000
11.804950 1.000000
11.816400 1.000000
11.827850 1.000000
11.839300 1.000000
11.850750 1.000000
11.862200 1.000000
11.873650 1.000000
11.885100 1.000000
11.896550 1.000000
11.908000 1.000000
11.919450 1.000000
11.930900 1.000000
11.942350 1.000000
11.953800 1.000000
11.965250 1.000000
11.976700 1.000000
11.988150 1.000000
11.999600 1.000000
12.011050 1.000000
12.022500 1.000000
12.033950 1.000000
12.045400 1.000000
12.056850 1.000000
12.068300 1.000000
12.079750 1.000000
12.091200 1.000000
12.102650 1.000000
12.114100 1.000000
12.125550 1.000000
12.137000 1.000000
12.148450 1.000000
12.159900 1.000000
12.171350 1.000000
12.182800 1.000000
12.194250 1.000000
12.205700 1.000000
12.217150 1.000000
12.228600 1.000000
12.240050 1.000000
12.251500 1.000000
12.262950 1.000000
12.274400 1.000000
12.285850 1.000000
12.297300 1.000000
12.308750 1.000000
12.320200 1.000000
12.331650 1.000000
12.343100 1.000000
12.354550 1.000000
12.366000 1.000000
12.377450 1.000000
12.388900 1.000000
12.400350 1.000000
12.411800 1.000000
12.423250 1.000000
12.434700 1.000000
12.446150 1.000000
12.457600 1.000000
12.469050 1.000000
12.480500 1.000000
12.491950 1.000000
12.503400 1.000000
12.514850 1.000000
12.526300 1.000000
12.537750 1.000000
12.549200 1.000000
12.560650 1.000000
12.572100 1.000000
12.583550 1.000000
12.595000 1.000000
12.606450 1.000000
12.617900 1.000000
12.629350 1.000000
12.640800 1.000000
12.652250 1.000000
12.663700 1.000000
12.675150 1.000000
12.686600 1.000000
12.698050 1.000000
12.709500 1.000000
12.720950 1.000000
12.732400 1.000000
12.743850 1.000000
12.755300 1.000000
12.766750 1.000000
12.778200 1.000000
12.789650 1.000000
12.801100 1.000000
12.812550 1.000000
12.824000 1.000000
12.835450 1.000000
12.846900 1.000000
12.858350 1.000000
12.869800 1.000000
12.881250 1.000000
12.892700 1.000000
12.904150 1.000000
12.915600 1.000000
12.927050 1.000000
12.938500 1.000000
12.949950 1.000000
12.961400 1.000000
12.972850 1.000000
12.984300 1.000000
12.995750 1.000000
13.007200 1.000000
13.018650 1.000000
13.030100 1.000000
13.041550 1.000000
13.053000 1.000000
13.064450 1.000000
13.075900 1.000000
13.087350 1.000000
13.098800 0.999844
13.110250 0.998932
13.121700 0.997670
13.133150 0.996228
13.144600 0.994712
13.156050 0.993213
13.167500 0.991825
13.178950 0.990668
13.190400 0.990000
13.201850 0.990000
13.213300 0.990000
13.224750 0.990000
13.236200 0.990000
13.247650 0.990000
13.259100 0.990000
13.270550 0.990000
13.282000 0.990000
13.293450 0.990000
13.304900 0.990000
13.316350 0.990000
13.327800 0.990000
13.339250 0.990000
13.350700 0.990000
13.362150 0.990000
13.373600 0.990000
13.385050 0.990000
13.396500 0.990000
13.407950 0.990000
13.419400 0.990000
13.430850 0.990000
13.442300 0.990000
13.453750 0.990000
13.465200 0.990000
13.476650 0.990000
13.488100 0.990000
13.499550 0.990000
13.511000 0.990000
13.522450 0.990000
13.533900 0.990000
13.545350 0.990000
13.556800 0.990000
13.568250 0.990000
13.579700 0.990000
13.591150 0.990000
13.602600 0.990000
13.614050 0.990000
13.625500 0.990000
13.636950 0.990000
13.648400 0.990000
13.659850 0.990000
13.671300 0.990000
13.682750 0.990000
13.694200 0.990000
13.705650 0.990000
13.717100 0.990000
13.728550 0.990000
13.740000 0.990000
13.751450 0.990000
13.762900 0.990000
13.774350 0.990000
13.785800 0.990000
13.797250 0.990000
13.808700 0.990000
13.820150 0.990592
13.831600 0.991724
13.843050 0.993098
13.854500 0.994592
13.865950 0.996110
13.877400 0.997562
13.888850 0.998843
13.900300 0.999793
13.911750 1.000000
13.923200 1.000000
13.934650 1.000000
13.946100 1.000000
13.957550 1.000000
13.969000 1.000000
13.980450 1.000000
13.991900 1.000000
14.003350 1.000000
14.014800 1.000000
14.026250 1.000000
14.037700 1.000000
14.049150 1.000000
14.060600 1.000000
14.072050 1.000000
14.083500 1.000000
14.094950 1.000000
14.106400 1.000000
14.117850 1.000000
14.129300 1.000000
14.140750 1.000000
14.152200 1.000000
14.163650 1.000000
14.175100 1.000000
14.186550 1.000000
14.198000 1.000000
14.209450 1.000000
14.220900 1.000000
14.232350 1.000000
14.243800 1.000000
14.255250 1.000000
14.266700 1.000000
14.278150 1.000000
14.289600 1.000000
14.301050 1.000000
14.312500 1.000000
14.323950 1.000000
14.335400 1.000000
14.346850 1.000000
14.358300 1.000000
14.369750 1.000000
14.381200 1.000000
14.392650 1.000000
14.404100 1.000000
14.415550 1.000000
14.427000 1.000000
14.438450 1.000000
14.449900 1.000000
14.461350 1.000000
14.472800 1.000000
14.484250 1.000000
14.495700 1.000000
14.507150 1.000000
14.518600 1.000000
14.530050 1.000000
14.541500 1.000000
14.552950 1.000000
14.564400 1.000000
14.575850 1.000000
14.587300 1.000000
14.598750 1.000000
14.610200 1.000000
14.621650 1.000000
14.633100 1.000000
14.644550 1.000000
14.656000 1.000000
14.667450 1.000000
14.678900 1.000000
14.690350 1.000000
14.701800 1.000000
14.713250 1.000000
14.724700 1.000000
14.736150 1.000000
14.747600 1.000000
14.759050 1.000000
14.770500 1.000000
14.781950 1.000000
14.793400 1.000000
14.804850 1.000000
14.816300 1.000000
14.827750 1.000000
14.839200 1.000000
14.850650 1.000000
14.862100 1.000000
14.873550 1.000000
14.885000 1.000000
14.896450 1.000000
14.907900 1.000000
14.919350 1.000000
14.930800 1.000000
14.942250 1.000000
14.953700 1.000000
14.965150 1.000000
14.976600 1.000000
14.988050 1.000000
14.999500 1.000000
15.010950 1.000000
15.022400 1.000000
15.033850 1.000000
15.045300 1.000000
15.056750 1.000000
15.068200 1.000000
15.079650 1.000000
15.091100 1.000000
15.102550 1.000000
15.114000 1.000000
15.125450 1.000000
15.136900 1.000000
15.148350 1.000000
15.159800 1.000000
15.171250 1.000000
15.182700 1.000000
15.194150 1.000000
15.205600 1.000000
15.217050 1.000000
15.228500 1.000000
15.239950 1.000000
15.251400 1.000000
15.262850 1.000000
15.274300 1.000000
15.285750 1.000000
15.297200 1.000000
15.308650 1.000000
15.320100 1.000000
15.331550 1.000000
15.343000 1.000000
15.354450 1.000000
15.365900 1.000000
15.377350 1.000000
15.388800 1.000000
15.400250 1.000000
15.411700 1.000000
15.423150 1.000000
15.434600 1.000000
15.446050 1.000000
15.457500 1.000000
15.468950 1.000000
15.480400 1.000000
15.491850 1.000000
15.503300 1.000000
15.514750 1.000000
15.526200 1.000000
15.537650 1.000000
15.549100 1.000000
15.560550 1.000000
15.572000 1.000000
15.583450 1.000000
15.594900 1.000000
15.606350 1.000000
15.617800 1.000000
15.629250 1.000000
15.640700 1.000000
15.652150 1.000000
15.663600 1.000000
15.675050 1.000000
15.686500 1.000000
15.697950 1.000000
15.709400 1.000000
15.720850 1.000000
15.732300 1.000000
15.743750 1.000000
15.755200 1.000000
15.766650 1.000000
15.778100 1.000000
15.789550 1.000000
15.801000 1.000000
15.812450 1.000000
15.823900 1.000000
15.835350 1.000000
15.846800 1.000000
15.858250 1.000000
15.869700 1.000000
15.881150 1.000000
15.892600 1.000000
15.904050 1.000000
15.915500 1.000000
15.926950 1.000000
15.938400 1.000000
15.949850 1.000000
15.961300 1.000000
15.972750 1.000000
15.984200 1.000000
15.995650 1.000000
16.007100 1.000000
16.018550 1.000000
16.030000 1.000000
16.041450 1.000000
16.052900 1.000000
16.064350 1.000000
16.075800 1.000000
16.087250 1.000000
16.098700 1.000000
16.110150 1.000000
16.121600 1.000000
16.133050 1.000000
16.144500 1.000000
16.155950 1.000000
16.167400 1.000000
16.178850 1.000000
16.190300 1.000000
16.201750 1.000000
16.213200 1.000000
16.224650 1.000000
16.236100 1.000000
16.247550 1.000000
16.259000 1.000000
16.270450 1.000000
16.281900 1.000000
16.293350 1.000000
16.304800 1.000000
16.316250 1.000000
16.327700 1.000000
16.339150 1.000000
16.350600 1.000000
16.362050 1.000000
16.373500 1.000000
16.384950 1.000000
16.396400 1.000000
16.407850 1.000000
16.419300 1.000000
16.430750 1.000000
16.442200 1.000000
16.453650 1.000000
16.465100 1.000000
16.476550 1.000000
16.488000 1.000000
16.499450 1.000000
16.510900 1.000000
16.522350 1.000000
16.533800 1.000000
16.545250 1.000000
16.556700 1.000000
16.568150 1.000000
16.579600 1.000000
16.591050 1.000000
16.602500 1.000000
16.613950 1.000000
16.625400 1.000000
16.636850 1.000000
16.648300 1.000000
16.659750 1.000000
16.671200 1.000000
16.682650 1.000000
16.694100 1.000000
16.705550 1.000000
16.717000 1.000000
16.728450 1.000000
16.739900 1.000000
16.751350 1.000000
16.762800 1.000000
16.774250 1.000000
16.785700 1.000000
16.797150 1.000000
16.808600 1.000000
16.820050 1.000000
16.831500 1.000000
16.842950 1.000000
16.854400 1.000000
16.865850 1.000000
16.877300 1.000000
16.888750 1.000000
16.900200 1.000000
16.911650 1.000000
16.923100 1.000000
16.934550 1.000000
16.946000 1.000000
16.957450 1.000000
16.968900 1.000000
16.980350 1.000000
16.991800 1.000000
17.003250 1.000000
17.014700 1.000000
17.026150 1.000000
17.037600 1.000000
17.049050 1.000000
17.060500 1.000000
17.071950 1.000000
17.083400 1.000000
17.094850 0.999997
17.106300 0.999300
17.117750 0.998132
17.129200 0.996738
17.140650 0.995237
17.152100 0.993722
17.163550 0.992285
17.175000 0.991031
17.186450 0.990137
17.197900 0.990000
17.209350 0.990000
17.220800 0.990000
17.232250 0.990000
17.243700 0.990000
17.255150 0.990000
17.266600 0.990000
17.278050 0.990000
17.289500 0.990000
17.300950 0.990000
17.312400 0.990000
17.323850 0.990000
17.335300 0.990000
17.346750 0.990000
17.358200 0.990000
17.369650 0.990000
17.381100 0.990000
17.392550 0.990000
17.404000 0.990000
17.415450 0.990000
17.426900 0.990000
17.438350 0.990000
17.449800 0.990000
17.461250 0.990000
17.472700 0.990000
17.484150 0.990000
17.495600 0.990000
17.507050 0.990000
17.518500 0.990000
17.529950 0.990000
17.541400 0.990000
17.552850 0.990000
17.564300 0.990000
17.575750 0.990000
17.587200 0.990000
17.598650 0.990000
17.610100 0.990000
17.621550 0.990000
17.633000 0.990000
17.644450 0.990000
17.655900 0.990000
17.667350 0.990000
17.678800 0.990000
17.690250 0.990000
17.701700 0.990000
17.713150 0.990000
17.724600 0.990000
17.736050 0.990000
17.747500 0.990000
17.758950 0.990000
17.770400 0.990000
17.781850 0.990000
17.793300 0.990000
17.804750 0.990000
17.816200 0.990295
17.827650 0.991298
17.839100 0.992605
17.850550 0.994070
17.862000 0.995589
17.873450 0.997074
17.884900 0.998428
17.896350 0.999519
17.907800 1.000000
17.919250 1.000000
17.930700 1.000000
17.942150 1.000000
17.953600 1.000000
17.965050 1.000000
17.976500 1.000000
17.987950 1.000000
17.999400 1.000000
18.010850 1.000000
18.022300 1.000000
18.033750 1.000000
18.045200 1.000000
18.056650 1.000000
18.068100 1.000000
18.079550 1.000000
18.091000 1.000000
18.102450 1.000000
18.113900 1.000000
18.125350 1.000000
18.136800 1.000000
18.148250 1.000000
18.159700 1.000000
18.171150 1.000000
18.182600 1.000000
18.194050 1.000000
18.205500 1.000000
18.216950 1.000000
18.228400 1.000000
18.239850 1.000000
18.251300 1.000000
18.262750 1.000000
18.274200 1.000000
18.285650 1.000000
18.297100 1.000000
18.308550 1.000000
18.320000 1.000000
18.331450 1.000000
18.342900 1.000000
18.354350 1.000000
18.365800 1.000000
18.377250 1.000000
18.388700 1.000000
18.400150 1.000000
18.411600 1.000000
18.423050 1.000000
18.434500 1.000000
18.445950 1.000000
18.457400 1.000000
18.468850 1.000000
18.480300 1.000000
18.491750 1.000000
18.503200 1.000000
18.514650 1.000000
18.526100 1.000000
18.537550 1.000000
18.549000 1.000000
18.560450 1.000000
18.571900 1.000000
18.583350 1.000000
18.594800 1.000000
18.606250 1.000000
18.617700 1.000000
18.629150 1.000000
18.640600 1.000000
18.652050 1.000000
18.663500 1.000000
18.674950 1.000000
18.686400 1.000000
18.697850 1.000000
18.709300 1.000000
18.720750 1.000000
18.732200 1.000000
18.743650 1.000000
18.755100 1.000000
18.766550 1.000000
18.778000 1.000000
18.789450 1.000000
18.800900 1.000000
18.812350 1.000000
18.823800 1.000000
18.835250 1.000000
18.846700 1.000000
18.858150 1.000000
18.869600 1.000000
18.881050 1.000000
18.892500 1.000000
18.903950 1.000000
18.915400 1.000000
18.926850 1.000000
18.938300 1.000000
18.949750 1.000000
18.961200 1.000000
18.972650 1.000000
18.984100 1.000000
18.995550 1.000000
19.007000 1.000000
19.018450 1.000000
19.029900 1.000000
19.041350 1.000000
19.052800 1.000000
19.064250 1.000000
19.075700 1.000000
19.087150 1.000000
19.098600 1.000000
19.110050 1.000000
19.121500 1.000000
19.132950 1.000000
19.144400 1.000000
19.155850 1.000000
19.167300 1.000000
19.178750 1.000000
19.190200 1.000000
19.201650 1.000000
19.213100 1.000000
19.224550 1.000000
19.236000 1.000000
19.247450 1.000000
19.258900 1.000000
19.270350 1.000000
19.281800 1.000000
19.293250 1.000000
19.304700 1.000000
19.316150 1.000000
19.327600 1.000000
19.339050 1.000000
19.350500 1.000000
19.361950 1.000000
19.373400 1.000000
19.384850 1.000000
19.396300 1.000000
19.407750 1.000000
19.419200 1.000000
19.430650 1.000000
19.442100 1.000000
19.453550 1.000000
19.465000 1.000000
19.476450 1.000000
19.487900 1.000000
19.499350 1.000000
19.510800 1.000000
19.522250 1.000000
19.533700 1.000000
19.545150 1.000000
19.556600 1.000000
19.568050 1.000000
19.579500 1.000000
19.590950 1.000000
19.602400 1.000000
19.613850 1.000000
19.625300 1.000000
19.636750 1.000000
19.648200 1.000000
19.659650 1.000000
19.671100 1.000000
19.682550 1.000000
19.694000 1.000000
19.705450 1.000000
19.716900 1.000000
19.728350 1.000000
19.739800 1.000000
19.751250 1.000000
19.762700 1.000000
19.774150 1.000000
19.785600 1.000000
19.797050 1.000000
19.808500 1.000000
19.819950 1.000000
19.831400 1.000000
19.842850 1.000000
19.854300 1.000000
19.865750 1.000000
19.877200 1.000000
19.888650 1.000000
19.900100 1.000000
19.911550 1.000000
19.923000 1.000000
19.934450 1.000000
19.945900 1.000000
19.957350 1.000000
19.968800 1.000000
19.980250 1.000000
19.991700 1.000000
20.003150 1.000000
20.014600 1.000000
20.026050 1.000000
20.037500 1.000000
20.048950 1.000000
20.060400 1.000000
20.071850 1.000000
20.083300 1.000000
20.094750 1.000000
20.106200 1.000000
20.117650 1.000000
20.129100 1.000000
20.140550 1.000000
20.152000 1.000000
20.163450 1.000000
20.174900 1.000000
20.186350 1.000000
20.197800 1.000000
20.209250 1.000000
20.220700 1.000000
20.232150 1.000000
20.243600 1.000000
20.255050 1.000000
20.266500 1.000000
20.277950 1.000000
20.289400 1.000000
20.300850 1.000000
20.312300 1.000000
20.323750 1.000000
20.335200 1.000000
20.346650 1.000000
20.358100 1.000000
20.369550 1.000000
20.381000 1.000000
20.392450 1.000000
20.403900 1.000000
20.415350 1.000000
20.426800 1.000000
20.438250 1.000000
20.449700 1.000000
20.461150 1.000000
20.472600 1.000000
20.484050 1.000000
20.495500 1.000000
20.506950 1.000000
20.518400 1.000000
20.529850 1.000000
20.541300 1.000000
20.552750 1.000000
20.564200 1.000000
20.575650 1.000000
20.587100 1.000000
20.598550 1.000000
20.610000 1.000000
20.621450 1.000000
20.632900 1.000000
20.644350 1.000000
20.655800 1.000000
20.667250 1.000000
20.678700 1.000000
20.690150 1.000000
20.701600 1.000000
20.713050 1.000000
20.724500 1.000000
20.735950 1.000000
20.747400 1.000000
20.758850 1.000000
20.770300 1.000000
20.781750 1.000000
20.793200 1.000000
20.804650 1.000000
20.816100 1.000000
20.827550 1.000000
20.839000 1.000000
20.850450 1.000000
20.861900 1.000000
20.873350 1.000000
20.884800 1.000000
20.896250 1.000000
20.907700 1.000000
20.919150 1.000000
20.930600 1.000000
20.942050 1.000000
20.953500 1.000000
20.964950 1.000000
20.976400 1.000000
20.987850 1.000000
20.999300 1.000000
21.010750 1.000000
21.022200 1.000000
21.033650 1.000000
21.045100 1.000000
21.056550 1.000000
21.068000 1.000000
21.079450 1.000000
21.090900 1.000000
21.102350 0.999616
21.113800 0.998568
21.125250 0.997237
21.136700 0.995761
21.148150 0.994241
21.159600 0.992766
21.171050 0.991434
21.182500 0.990386
21.193950 0.990000
21.205400 0.990000
21.216850 0.990000
21.228300 0.990000
21.239750 0.990000
21.251200 0.990000
21.262650 0.990000
21.274100 0.990000
21.285550 0.990000
21.297000 0.990000
21.308450 0.990000
21.319900 0.990000
21.331350 0.990000
21.342800 0.990000
21.354250 0.990000
21.365700 0.990000
21.377150 0.990000
21.388600 0.990000
21.400050 0.990000
21.411500 0.990000
21.422950 0.990000
21.434400 0.990000
21.445850 0.990000
21.457300 0.990000
21.468750 0.990000
21.480200 0.990000
21.491650 0.990000
21.503100 0.990000
21.514550 0.990000
21.526000 0.990000
21.537450 0.990000
21.548900 0.990000
21.560350 0.990000
21.571800 0.990000
21.583250 0.990000
21.594700 0.990000
21.606150 0.990000
21.617600 0.990000
21.629050 0.990000
21.640500 0.990000
21.651950 0.990000
21.663400 0.990000
21.674850 0.990000
21.686300 0.990000
21.697750 0.990000
21.709200 0.990000
21.720650 0.990000
21.732100 0.990000
21.743550 0.990000
21.755000 0.990000
21.766450 0.990000
21.777900 0.990000
21.789350 0.990000
21.800800 0.990000
21.812250 0.990074
21.823700 0.990907
21.835150 0.992131
21.846600 0.993554
21.858050 0.995064
21.869500 0.996572
21.880950 0.997983
21.892400 0.999184
21.903850 0.999964
21.915300 1.000000
21.926750 1.000000
21.938200 1.000000
21.949650 1.000000
21.961100 1.000000
21.972550 1.000000
21.984000 1.000000
21.995450 1.000000
22.006900 1.000000
22.018350 1.000000
22.029800 1.000000
22.041250 1.000000
22.052700 1.000000
22.064150 1.000000
22.075600 1.000000
22.087050 1.000000
22.098500 1.000000
22.109950 1.000000
22.121400 1.000000
22.132850 1.000000
22.144300 1.000000
22.155750 1.000000
22.167200 1.000000
22.178650 1.000000
22.190100 1.000000
22.201550 1.000000
22.213000 1.000000
22.224450 1.000000
22.235900 1.000000
22.247350 1.000000
22.258800 1.000000
22.270250 1.000000
22.281700 1.000000
22.293150 1.000000
22.304600 1.000000
22.316050 1.000000
22.327500 1.000000
22.338950 1.000000
22.350400 1.000000
22.361850 1.000000
22.373300 1.000000
22.384750 1.000000
22.396200 1.000000
22.407650 1.000000
22.419100 1.000000
22.430550 1.000000
22.442000 1.000000
22.453450 1.000000
22.464900 1.000000
22.476350 1.000000
22.487800 1.000000
22.499250 1.000000
22.510700 1.000000
22.522150 1.000000
22.533600 1.000000
22.545050 1.000000
22.556500 1.000000
22.567950 1.000000
22.579400 1.000000
22.590850 1.000000
22.602300 1.000000
22.613750 1.000000
22.625200 1.000000
22.636650 1.000000
22.648100 1.000000
22.659550 1.000000
22.671000 1.000000
22.682450 1.000000
22.693900 1.000000
22.705350 1.000000
22.716800 1.000000
22.728250 1.000000
22.739700 1.000000
22.751150 1.000000
22.762600 1.000000
22.774050 1.000000
22.785500 1.000000
22.796950 1.000000
22.808400 1.000000
22.819850 1.000000
22.831300 1.000000
22.842750 1.000000
22.854200 1.000000
22.865650 1.000000
22.877100 1.000000
22.888550 1.000000
22.900000 1.000000
22.911450 1.000000
22.922900 1.000000
22.934350 1.000000
22.945800 1.000000
22.957250 1.000000
22.968700 1.000000
22.980150 1.000000
22.991600 1.000000
23.003050 1.000000
23.014500 1.000000
23.025950 1.000000
23.037400 1.000000
23.048850 1.000000
23.060300 1.000000
23.071750 1.000000
23.083200 1.000000
23.094650 1.000000
23.106100 1.000000
23.117550 1.000000
23.129000 1.000000
23.140450 1.000000
23.151900 1.000000
23.163350 1.000000
23.174800 1.000000
23.186250 1.000000
23.197700 1.000000
23.209150 1.000000
23.220600 1.000000
23.232050 1.000000
23.243500 1.000000
23.254950 1.000000
23.266400 1.000000
23.277850 1.000000
23.289300 1.000000
23.300750 1.000000
23.312200 1.000000
23.323650 1.000000
23.335100 1.000000
23.346550 1.000000
23.358000 1.000000
23.369450 1.000000
23.380900 1.000000
23.392350 1.000000
23.403800 1.000000
23.415250 1.000000
23.426700 1.000000
23.438150 1.000000
23.449600 1.000000
23.461050 1.000000
23.472500 1.000000
23.483950 1.000000
23.495400 1.000000
23.506850 1.000000
23.518300 1.000000
23.529750 1.000000
23.541200 1.000000
23.552650 1.000000
23.564100 1.000000
23.575550 1.000000
23.587000 1.000000
23.598450 1.000000
23.609900 1.000000
23.621350 1.000000
23.632800 1.000000
23.644250 1.000000
23.655700 1.000000
23.667150 1.000000
23.678600 1.000000
23.690050 1.000000
23.701500 1.000000
23.712950 1.000000
23.724400 1.000000
23.735850 1.000000
23.747300 1.000000
23.758750 1.000000
23.770200 1.000000
23.781650 1.000000
23.793100 1.000000
23.804550 1.000000
23.816000 1.000000
23.827450 1.000000
23.838900 1.000000
23.850350 1.000000
23.861800 1.000000
23.873250 1.000000
23.884700 1.000000
23.896150 1.000000
23.907600 1.000000
23.919050 1.000000
23.930500 1.000000
23.941950 1.000000
23.953400 1.000000
23.964850 1.000000
23.976300 1.000000
23.987750 1.000000
23.999200 1.000000
24.010650 1.000000
24.022100 1.000000
24.033550 1.000000
24.045000 1.000000
24.056450 1.000000
24.067900 1.000000
24.079350 1.000000
24.090800 1.000000
24.102250 1.000000
24.113700 1.000000
24.125150 1.000000
24.136600 1.000000
24.148050 1.000000
24.159500 1.000000
24.170950 1.000000
24.182400 1.000000
24.193850 1.000000
24.205300 1.000000
24.216750 1.000000
24.228200 1.000000
24.239650 1.000000
24.251100 1.000000
24.262550 1.000000
24.274000 1.000000
24.285450 1.000000
24.296900 1.000000
24.308350 1.000000
24.319800 1.000000
24.331250 1.000000
24.342700 1.000000
24.354150 1.000000
24.365600 1.000000
24.377050 1.000000
24.388500 1.000000
24.399950 1.000000
24.411400 1.000000
24.422850 1.000000
24.434300 1.000000
24.445750 1.000000
24.457200 1.000000
24.468650 1.000000
24.480100 1.000000
24.491550 1.000000
24.503000 1.000000
24.514450 1.000000
24.525900 1.000000
24.537350 1.000000
24.548800 1.000000
24.560250 1.000000
24.571700 1.000000
24.583150 1.000000
24.594600 1.000000
24.606050 1.000000
24.617500 1.000000
24.628950 1.000000
24.640400 1.000000
24.651850 1.000000
24.663300 1.000000
24.674750 1.000000
24.686200 1.000000
24.697650 1.000000
24.709100 1.000000
24.720550 1.000000
24.732000 1.000000
24.743450 1.000000
24.754900 1.000000
24.766350 1.000000
24.777800 1.000000
24.789250 1.000000
24.800700 1.000000
24.812150 1.000000
24.823600 1.000000
24.835050 1.000000
24.846500 1.000000
24.857950 1.000000
24.869400 1.000000
24.880850 1.000000
24.892300 1.000000
24.903750 1.000000
24.915200 1.000000
24.926650 1.000000
24.938100 1.000000
24.949550 1.000000
24.961000 1.000000
24.972450 1.000000
24.983900 1.000000
24.995350 1.000000
25.006800 1.000000
25.018250 1.000000
25.029700 1.000000
25.041150 1.000000
25.052600 1.000000
25.064050 1.000000
25.075500 1.000000
25.086950 1.000000
25.098400 0.999865
25.109850 0.998971
25.121300 0.997718
25.132750 0.996280
25.144200 0.994765
25.155650 0.993264
25.167100 0.991870
25.178550 0.990703
25.190000 0.990004
25.201450 0.990000
25.212900 0.990000
25.224350 0.990000
25.235800 0.990000
25.247250 0.990000
25.258700 0.990000
25.270150 0.990000
25.281600 0.990000
25.293050 0.990000
25.304500 0.990000
25.315950 0.990000
25.327400 0.990000
25.338850 0.990000
25.350300 0.990000
25.361750 0.990000
25.373200 0.990000
25.384650 0.990000
25.396100 0.990000
25.407550 0.990000
25.419000 0.990000
25.430450 0.990000
25.441900 0.990000
25.453350 0.990000
25.464800 0.990000
25.476250 0.990000
25.487700 0.990000
25.499150 0.990000
25.510600 0.990000
25.522050 0.990000
25.533500 0.990000
25.544950 0.990000
25.556400 0.990000
25.567850 0.990000
25.579300 0.990000
25.590750 0.990000
25.602200 0.990000
25.613650 0.990000
25.625100 0.990000
25.636550 0.990000
25.648000 0.990000
25.659450 0.990000
25.670900 0.990000
25.682350 0.990000
25.693800 0.990000
25.705250 0.990000
25.716700 0.990000
25.728150 0.990000
25.739600 0.990000
25.751050 0.990000
25.762500 0.990000
25.773950 0.990000
25.785400 0.990000
25.796850 0.990000
25.808300 0.990000
25.819750 0.990560
25.831200 0.991679
25.842650 0.993048
25.854100 0.994539
25.865550 0.996058
25.877000 0.997513
25.888450 0.998802
25.899900 0.999768
25.911350 1.000000
25.922800 1.000000
25.934250 1.000000
25.945700 1.000000
25.957150 1.000000
25.968600 1.000000
25.980050 1.000000
25.991500 1.000000
26.002950 1.000000
26.014400 1.000000
26.025850 1.000000
26.037300 1.000000
26.048750 1.000000
26.060200 1.000000
26.071650 1.000000
26.083100 1.000000
26.094550 1.000000
26.106000 1.000000
26.117450 1.000000
26.128900 1.000000
26.140350 1.000000
26.151800 1.000000
26.163250 1.000000
26.174700 1.000000
26.186150 1.000000
26.197600 1.000000
26.209050 1.000000
26.220500 1.000000
26.231950 1.000000
26.243400 1.000000
26.254850 1.000000
26.266300 1.000000
26.277750 1.000000
26.289200 1.000000
26.300650 1.000000
26.312100 1.000000
26.323550 1.000000
26.335000 1.000000
26.346450 1.000000
26.357900 1.000000
26.369350 1.000000
26.380800 1.000000
26.392250 1.000000
26.403700 1.000000
26.415150 1.000000
26.426600 1.000000
26.438050 1.000000
26.449500 1.000000
26.460950 1.000000
26.472400 1.000000
26.483850 1.000000
26.495300 1.000000
26.506750 1.000000
26.518200 1.000000
26.529650 1.000000
26.541100 1.000000
26.552550 1.000000
26.564000 1.000000
26.575450 1.000000
26.586900 1.000000
26.598350 1.000000
26.609800 1.000000
26.621250 1.000000
26.632700 1.000000
26.644150 1.000000
26.655600 1.000000
26.667050 1.000000
26.678500 1.000000
26.689950 1.000000
26.701400 1.000000
26.712850 1.000000
26.724300 1.000000
26.735750 1.000000
26.747200 1.000000
26.758650 1.000000
26.770100 1.000000
26.781550 1.000000
26.793000 1.000000
26.804450 1.000000
26.815900 1.000000
26.827350 1.000000
26.838800 1.000000
26.850250 1.000000
26.861700 1.000000
26.873150 1.000000
26.884600 1.000000
26.896050 1.000000
26.907500 1.000000
26.918950 1.000000
26.930400 1.000000
26.941850 1.000000
26.953300 1.000000
26.964750 1.000000
26.976200 1.000000
26.987650 1.000000
26.999100 1.000000
27.010550 1.000000
27.022000 1.000000
27.033450 1.000000
27.044900 1.000000
27.056350 1.000000
27.067800 1.000000
27.079250 1.000000
27.090700 1.000000
27.102150 1.000000
27.113600 1.000000
27.125050 1.000000
27.136500 1.000000
27.147950 1.000000
27.159400 1.000000
27.170850 1.000000
27.182300 1.000000
27.193750 1.000000
27.205200 1.000000
27.216650 1.000000
27.228100 1.000000
27.239550 1.000000
27.251000 1.000000
27.262450 1.000000
27.273900 1.000000
27.285350 1.000000
27.296800 1.000000
27.308250 1.000000
27.319700 1.000000
27.331150 1.000000
27.342600 1.000000
27.354050 1.000000
27.365500 1.000000
27.376950 1.000000
27.388400 1.000000
27.399850 1.000000
27.411300 1.000000
27.422750 1.000000
27.434200 1.000000
27.445650 1.000000
27.457100 1.000000
27.468550 1.000000
27.480000 1.000000
27.491450 1.000000
27.502900 1.000000
27.514350 1.000000
27.525800 1.000000
27.537250 1.000000
27.548700 1.000000
27.560150 1.000000
27.571600 1.000000
27.583050 1.000000
27.594500 1.000000
27.605950 1.000000
27.617400 1.000000
27.628850 1.000000
27.640300 1.000000
27.651750 1.000000
27.663200 1.000000
27.674650 1.000000
27.686100 1.000000
27.697550 1.000000
27.709000 1.000000
27.720450 1.000000
27.731900 1.000000
27.743350 1.000000
27.754800 1.000000
27.766250 1.000000
27.777700 1.000000
27.789150 1.000000
27.800600 1.000000
27.812050 1.000000
27.823500 1.000000
27.834950 1.000000
27.846400 1.000000
27.857850 1.000000
27.869300 1.000000
27.880750 1.000000
27.892200 1.000000
27.903650 1.000000
27.915100 1.000000
27.926550 1.000000
27.938000 1.000000
27.949450 1.000000
27.960900 1.000000
27.972350 1.000000
27.983800 1.000000
27.995250 1.000000
28.006700 1.000000
28.018150 1.000000
28.029600 1.000000
28.041050 1.000000
28.052500 1.000000
28.063950 1.000000
28.075400 1.000000
28.086850 1.000000
28.098300 1.000000
28.109750 1.000000
28.121200 1.000000
28.132650 1.000000
28.144100 1.000000
28.155550 1.000000
28.167000 1.000000
28.178450 1.000000
28.189900 1.000000
28.201350 1.000000
28.212800 1.000000
28.224250 1.000000
28.235700 1.000000
28.247150 1.000000
28.258600 1.000000
28.270050 1.000000
28.281500 1.000000
28.292950 1.000000
28.304400 1.000000
28.315850 1.000000
28.327300 1.000000
28.338750 1.000000
28.350200 1.000000
28.361650 1.000000
28.373100 1.000000
28.384550 1.000000
28.396000 1.000000
28.407450 1.000000
28.418900 1.000000
28.430350 1.000000
28.441800 1.000000
28.453250 1.000000
28.464700 1.000000
28.476150 1.000000
28.487600 1.000000
28.499050 1.000000
28.510500 1.000000
28.521950 1.000000
28.533400 1.000000
28.544850 1.000000
28.556300 1.000000
28.567750 1.000000
28.579200 1.000000
28.590650 1.000000
28.602100 1.000000
28.613550 1.000000
28.625000 1.000000
28.636450 1.000000
28.647900 1.000000
28.659350 1.000000
28.670800 1.000000
28.682250 1.000000
28.693700 1.000000
28.705150 1.000000
28.716600 1.000000
28.728050 1.000000
28.739500 1.000000
28.750950 1.000000
28.762400 1.000000
28.773850 1.000000
28.785300 1.000000
28.796750 1.000000
28.808200 1.000000
28.819650 1.000000
28.831100 1.000000
28.842550 1.000000
28.854000 1.000000
28.865450 1.000000
28.876900 1.000000
28.888350 1.000000
28.899800 1.000000
28.911250 1.000000
28.922700 1.000000
28.934150 1.000000
28.945600 1.000000
28.957050 1.000000
28.968500 1.000000
28.979950 1.000000
28.991400 1.000000
29.002850 1.000000
29.014300 1.000000
29.025750 1.000000
29.037200 1.000000
29.048650 1.000000
29.060100 1.000000
29.071550 1.000000
29.083000 1.000000
29.094450 1.000000
29.105900 0.999334
29.117350 0.998178
29.128800 0.996789
29.140250 0.995291
29.151700 0.993775
29.163150 0.992332
29.174600 0.991070
29.186050 0.990158
29.197500 0.990000
29.208950 0.990000
29.220400 0.990000
29.231850 0.990000
29.243300 0.990000
29.254750 0.990000
29.266200 0.990000
29.277650 0.990000
29.289100 0.990000
29.300550 0.990000
29.312000 0.990000
29.323450 0.990000
29.334900 0.990000
29.346350 0.990000
29.357800 0.990000
29.369250 0.990000
29.380700 0.990000
29.392150 0.990000
29.403600 0.990000
29.415050 0.990000
29.426500 0.990000
29.437950 0.990000
29.449400 0.990000
29.460850 0.990000
29.472300 0.990000
29.483750 0.990000
29.495200 0.990000
29.506650 0.990000
29.518100 0.990000
29.529550 0.990000
29.541000 0.990000
29.552450 0.990000
29.563900 0.990000
29.575350 0.990000
29.586800 0.990000
29.598250 0.990000
29.609700 0.990000
29.621150 0.990000
29.632600 0.990000
29.644050 0.990000
29.655500 0.990000
29.666950 0.990000
29.678400 0.990000
29.689850 0.990000
29.701300 0.990000
29.712750 0.990000
29.724200 0.990000
29.735650 0.990000
29.747100 0.990000
29.758550 0.990000
29.770000 0.990000
29.781450 0.990000
29.792900 0.990000
29.804350 0.990000
29.815800 0.990269
29.827250 0.991256
29.838700 0.992556
29.850150 0.994017
29.861600 0.995536
29.873050 0.997024
29.884500 0.998384
29.895950 0.999487
29.907400 1.000000
29.918850 1.000000
29.930300 1.000000
29.941750 1.000000
29.953200 1.000000
29.964650 1.000000
29.976100 1.000000
29.987550 1.000000
29.999000 1.000000
30.010450 1.000000
30.021900 1.000000
30.033350 1.000000
30.044800 1.000000
30.056250 1.000000
30.067700 1.000000
30.079150 1.000000
30.090600 1.000000
30.102050 1.000000
30.113500 1.000000
30.124950 1.000000
30.136400 1.000000
30.147850 1.000000
30.159300 1.000000
30.170750 1.000000
30.182200 1.000000
30.193650 1.000000
30.205100 1.000000
30.216550 1.000000
30.228000 1.000000
30.239450 1.000000
30.250900 1.000000
30.262350 1.000000
30.273800 1.000000
30.285250 1.000000
30.296700 1.000000
30.308150 1.000000
30.319600 1.000000
30.331050 1.000000
30.342500 1.000000
30.353950 1.000000
30.365400 1.000000
30.376850 1.000000
30.388300 1.000000
30.399750 1.000000
30.411200 1.000000
30.422650 1.000000
30.434100 1.000000
30.445550 1.000000
30.457000 1.000000
30.468450 1.000000
30.479900 1.000000
30.491350 1.000000
30.502800 1.000000
30.514250 1.000000
30.525700 1.000000
30.537150 1.000000
30.548600 1.000000
30.560050 1.000000
30.571500 1.000000
30.582950 1.000000
30.594400 1.000000
30.605850 1.000000
30.617300 1.000000
30.628750 1.000000
30.640200 1.000000
30.651650 1.000000
30.663100 1.000000
30.674550 1.000000
30.686000 1.000000
30.697450 1.000000
30.708900 1.000000
30.720350 1.000000
30.731800 1.000000
30.743250 1.000000
30.754700 1.000000
30.766150 1.000000
30.777600 1.000000
30.789050 1.000000
30.800500 1.000000
30.811950 1.000000
30.823400 1.000000
30.834850 1.000000
30.846300 1.000000
30.857750 1.000000
30.869200 1.000000
30.880650 1.000000
30.892100 1.000000
30.903550 1.000000
30.915000 1.000000
30.926450 1.000000
30.937900 1.000000
30.949350 1.000000
30.960800 1.000000
30.972250 1.000000
30.983700 1.000000
30.995150 1.000000
31.006600 1.000000
31.018050 1.000000
31.029500 1.000000
31.040950 1.000000
31.052400 1.000000
31.063850 1.000000
31.075300 1.000000
31.086750 1.000000
31.098200 1.000000
31.109650 1.000000
31.121100 1.000000
31.132550 1.000000
31.144000 1.000000
31.155450 1.000000
31.166900 1.000000
31.178350 1.000000
31.189800 1.000000
31.201250 1.000000
31.212700 1.000000
31.224150 1.000000
31.235600 1.000000
31.247050 1.000000
31.258500 1.000000
31.269950 1.000000
31.281400 1.000000
31.292850 1.000000
31.304300 1.000000
31.315750 1.000000
31.327200 1.000000
31.338650 1.000000
31.350100 1.000000
31.361550 1.000000
31.373000 1.000000
31.384450 1.000000
31.395900 1.000000
31.407350 1.000000
31.418800 1.000000
31.430250 1.000000
31.441700 1.000000
31.453150 1.000000
31.464600 1.000000
31.476050 1.000000
31.487500 1.000000
31.498950 1.000000
31.510400 1.000000
31.521850 1.000000
31.533300 1.000000
31.544750 1.000000
31.556200 1.000000
31.567650 1.000000
31.579100 1.000000
31.590550 1.000000
31.602000 1.000000
31.613450 1.000000
31.624900 1.000000
31.636350 1.000000
31.647800 1.000000
31.659250 1.000000
31.670700 1.000000
31.682150 1.000000
31.693600 1.000000
31.705050 1.000000
31.716500 1.000000
31.727950 1.000000
31.739400 1.000000
31.750850 1.000000
31.762300 1.000000
31.773750 1.000000
31.785200 1.000000
31.796650 1.000000
31.808100 1.000000
31.819550 1.000000
31.831000 1.000000
31.842450 1.000000
31.853900 1.000000
31.865350 1.000000
31.876800 1.000000
31.888250 1.000000
31.899700 1.000000
31.911150 1.000000
31.922600 1.000000
31.934050 1.000000
31.945500 1.000000
31.956950 1.000000
31.968400 1.000000
31.979850 1.000000
31.991300 1.000000
32.002750 1.000000
32.014200 1.000000
32.025650 1.000000
32.037100 1.000000
32.048550 1.000000
32.060000 1.000000
32.071450 1.000000
32.082900 1.000000
32.094350 1.000000
32.105800 1.000000
32.117250 1.000000
32.128700 1.000000
32.140150 1.000000
32.151600 1.000000
32.163050 1.000000
32.174500 1.000000
32.185950 1.000000
32.197400 1.000000
32.208850 1.000000
32.220300 1.000000
32.231750 1.000000
32.243200 1.000000
32.254650 1.000000
32.266100 1.000000
32.277550 1.000000
32.289000 1.000000
32.300450 1.000000
32.311900 1.000000
32.323350 1.000000
32.334800 1.000000
32.346250 1.000000
32.357700 1.000000
32.369150 1.000000
32.380600 1.000000
32.392050 1.000000
32.403500 1.000000
32.414950 1.000000
32.426400 1.000000
32.437850 1.000000
32.449300 1.000000
32.460750 1.000000
32.472200 1.000000
32.483650 1.000000
32.495100 1.000000
32.506550 1.000000
32.518000 1.000000
32.529450 1.000000
32.540900 1.000000
32.552350 1.000000
32.563800 1.000000
32.575250 1.000000
32.586700 1.000000
32.598150 1.000000
32.609600 1.000000
32.621050 1.000000
32.632500 1.000000
32.643950 1.000000
32.655400 1.000000
32.666850 1.000000
32.678300 1.000000
32.689750 1.000000
32.701200 1.000000
32.712650 1.000000
32.724100 1.000000
32.735550 1.000000
32.747000 1.000000
32.758450 1.000000
32.769900 1.000000
32.781350 1.000000
32.792800 1.000000
32.804250 1.000000
32.815700 1.000000
32.827150 1.000000
32.838600 1.000000
32.850050 1.000000
32.861500 1.000000
32.872950 1.000000
32.884400 1.000000
32.895850 1.000000
32.907300 1.000000
32.918750 1.000000
32.930200 1.000000
32.941650 1.000000
32.953100 1.000000
32.964550 1.000000
32.976000 1.000000
32.987450 1.000000
32.998900 1.000000
33.010350 1.000000
33.021800 1.000000
33.033250 1.000000
33.044700 1.000000
33.056150 1.000000
33.067600 1.000000
33.079050 1.000000
33.090500 1.000000
33.101950 0.999645
33.113400 0.998611
33.124850 0.997286
33.136300 0.995814
33.147750 0.994294
33.159200 0.992816
33.170650 0.991477
33.182100 0.990415
33.193550 0.990000
33.205000 0.990000
33.216450 0.990000
33.227900 0.990000
33.239350 0.990000
33.250800 0.990000
33.262250 0.990000
33.273700 0.990000
33.285150 0.990000
33.296600 0.990000
33.308050 0.990000
33.319500 0.990000
33.330950 0.990000
33.342400 0.990000
33.353850 0.990000
33.365300 0.990000
33.376750 0.990000
33.388200 0.990000
33.399650 0.990000
33.411100 0.990000
33.422550 0.990000
33.434000 0.990000
33.445450 0.990000
33.456900 0.990000
33.468350 0.990000
33.479800 0.990000
33.491250 0.990000
33.502700 0.990000
33.514150 0.990000
33.525600 0.990000
33.537050 0.990000
33.548500 0.990000
33.559950 0.990000
33.571400 0.990000
33.582850 0.990000
33.594300 0.990000
33.605750 0.990000
33.617200 0.990000
33.628650 0.990000
33.640100 0.990000
33.651550 0.990000
33.663000 0.990000
33.674450 0.990000
33.685900 0.990000
33.697350 0.990000
33.708800 0.990000
33.720250 0.990000
33.731700 0.990000
33.743150 0.990000
33.754600 0.990000
33.766050 0.990000
33.777500 0.990000
33.788950 0.990000
33.800400 0.990000
33.811850 0.990058
33.823300 0.990869
33.834750 0.992084
33.846200 0.993502
33.857650 0.995011
33.869100 0.996520
33.880550 0.997936
33.892000 0.999147
33.903450 0.999949
33.914900 1.000000
33.926350 1.000000
33.937800 1.000000
33.949250 1.000000
33.960700 1.000000
33.972150 1.000000
33.983600 1.000000
33.995050 1.000000
34.006500 1.000000
34.017950 1.000000
34.029400 1.000000
34.040850 1.000000
34.052300 1.000000
34.063750 1.000000
34.075200 1.000000
34.086650 1.000000
34.098100 1.000000
34.109550 1.000000
34.121000 1.000000
34.132450 1.000000
34.143900 1.000000
34.155350 1.000000
34.166800 1.000000
34.178250 1.000000
34.189700 1.000000
34.201150 1.000000
34.212600 1.000000
34.224050 1.000000
34.235500 1.000000
34.246950 1.000000
34.258400 1.000000
34.269850 1.000000
34.281300 1.000000
34.292750 1.000000
34.304200 1.000000
34.315650 1.000000
34.327100 1.000000
34.338550 1.000000
34.350000 1.000000
34.361450 1.000000
34.372900 1.000000
34.384350 1.000000
34.395800 1.000000
34.407250 1.000000
34.418700 1.000000
34.430150 1.000000
34.441600 1.000000
34.453050 1.000000
34.464500 1.000000
34.475950 1.000000
34.487400 1.000000
34.498850 1.000000
34.510300 1.000000
34.521750 1.000000
34.533200 1.000000
34.544650 1.000000
34.556100 1.000000
34.567550 1.000000
34.579000 1.000000
34.590450 1.000000
34.601900 1.000000
34.613350 1.000000
34.624800 1.000000
34.636250 1.000000
34.647700 1.000000
34.659150 1.000000
34.670600 1.000000
34.682050 1.000000
34.693500 1.000000
34.704950 1.000000
34.716400 1.000000
34.727850 1.000000
34.739300 1.000000
34.750750 1.000000
34.762200 1.000000
34.773650 1.000000
34.785100 1.000000
34.796550 1.000000
34.808000 1.000000
34.819450 1.000000
34.830900 1.000000
34.842350 1.000000
34.853800 1.000000
34.865250 1.000000
34.876700 1.000000
34.888150 1.000000
34.899600 1.000000
34.911050 1.000000
34.922500 1.000000
34.933950 1.000000
34.945400 1.000000
34.956850 1.000000
34.968300 1.000000
34.979750 1.000000
34.991200 1.000000
35.002650 1.000000
35.014100 1.000000
35.025550 1.000000
35.037000 1.000000
35.048450 1.000000
35.059900 1.000000
35.071350 1.000000
35.082800 1.000000
35.094250 1.000000
35.105700 1.000000
35.117150 1.000000
35.128600 1.000000
35.140050 1.000000
35.151500 1.000000
35.162950 1.000000
35.174400 1.000000
35.185850 1.000000
35.197300 1.000000
35.208750 1.000000
35.220200 1.000000
35.231650 1.000000
35.243100 1.000000
35.254550 1.000000
35.266000 1.000000
35.277450 1.000000
35.288900 1.000000
35.300350 1.000000
35.311800 1.000000
35.323250 1.000000
35.334700 1.000000
35.346150 1.000000
35.357600 1.000000
35.369050 1.000000
35.380500 1.000000
35.391950 1.000000
35.403400 1.000000
35.414850 1.000000
35.426300 1.000000
35.437750 1.000000
35.449200 1.000000
35.460650 1.000000
35.472100 1.000000
35.483550 1.000000
35.495000 1.000000
35.506450 1.000000
35.517900 1.000000
35.529350 1.000000
35.540800 1.000000
35.552250 1.000000
35.563700 1.000000
35.575150 1.000000
35.586600 1.000000
35.598050 1.000000
35.609500 1.000000
35.620950 1.000000
35.632400 1.000000
35.643850 1.000000
35.655300 1.000000
35.666750 1.000000
35.678200 1.000000
35.689650 1.000000
35.701100 1.000000
35.712550 1.000000
35.724000 1.000000
35.735450 1.000000
35.746900 1.000000
35.758350 1.000000
35.769800 1.000000
35.781250 1.000000
35.792700 1.000000
35.804150 1.000000
35.815600 1.000000
35.827050 1.000000
35.838500 1.000000
35.849950 1.000000
35.861400 1.000000
35.872850 1.000000
35.884300 1.000000
35.895750 1.000000
35.907200 1.000000
35.918650 1.000000
35.930100 1.000000
35.941550 1.000000
35.953000 1.000000
35.964450 1.000000
35.975900 1.000000
35.987350 1.000000
35.998800 1.000000
36.010250 1.000000
36.021700 1.000000
36.033150 1.000000
36.044600 1.000000
36.056050 1.000000
36.067500 1.000000
36.078950 1.000000
36.090400 1.000000
36.101850 1.000000
36.113300 1.000000
36.124750 1.000000
36.136200 1.000000
36.147650 1.000000
36.159100 1.000000
36.170550 1.000000
36.182000 1.000000
36.193450 1.000000
36.204900 1.000000
36.216350 1.000000
36.227800 1.000000
36.239250 1.000000
36.250700 1.000000
36.262150 1.000000
36.273600 1.000000
36.285050 1.000000
36.296500 1.000000
36.307950 1.000000
36.319400 1.000000
36.330850 1.000000
36.342300 1.000000
36.353750 1.000000
36.365200 1.000000
36.376650 1.000000
36.388100 1.000000
36.399550 1.000000
36.411000 1.000000
36.422450 1.000000
36.433900 1.000000
36.445350 1.000000
36.456800 1.000000
36.468250 1.000000
36.479700 1.000000
36.491150 1.000000
36.502600 1.000000
36.514050 1.000000
36.525500 1.000000
36.536950 1.000000
36.548400 1.000000
36.559850 1.000000
36.571300 1.000000
36.582750 1.000000
36.594200 1.000000
36.605650 1.000000
36.617100 1.000000
36.628550 1.000000
36.640000 1.000000
36.651450 1.000000
36.662900 1.000000
36.674350 1.000000
36.685800 1.000000
36.697250 1.000000
36.708700 1.000000
36.720150 1.000000
36.731600 1.000000
36.743050 1.000000
36.754500 1.000000
36.765950 1.000000
36.777400 1.000000
36.788850 1.000000
36.800300 1.000000
36.811750 1.000000
36.823200 1.000000
36.834650 1.000000
36.846100 1.000000
36.857550 1.000000
36.869000 1.000000
36.880450 1.000000
36.891900 1.000000
36.903350 1.000000
36.914800 1.000000
36.926250 1.000000
36.937700 1.000000
36.949150 1.000000
36.960600 1.000000
36.972050 1.000000
36.983500 1.000000
36.994950 1.000000
37.006400 1.000000
37.017850 1.000000
37.029300 1.000000
37.040750 1.000000
37.052200 1.000000
37.063650 1.000000
37.075100 1.000000
37.086550 1.000000
37.098000 0.999886
37.109450 0.999010
37.120900 0.997765
37.132350 0.996332
37.143800 0.994818
37.155250 0.993315
37.166700 0.991916
37.178150 0.990738
37.189600 0.990011
37.201050 0.990000
37.212500 0.990000
37.223950 0.990000
37.235400 0.990000
37.246850 0.990000
37.258300 0.990000
37.269750 0.990000
37.281200 0.990000
37.292650 0.990000
37.304100 0.990000
37.315550 0.990000
37.327000 0.990000
37.338450 0.990000
37.349900 0.990000
37.361350 0.990000
37.372800 0.990000
37.384250 0.990000
37.395700 0.990000
37.407150 0.990000
37.418600 0.990000
37.430050 0.990000
37.441500 0.990000
37.452950 0.990000
37.464400 0.990000
37.475850 0.990000
37.487300 0.990000
37.498750 0.990000
37.510200 0.990000
37.521650 0.990000
37.533100 0.990000
37.544550 0.990000
37.556000 0.990000
37.567450 0.990000
37.578900 0.990000
37.590350 0.990000
37.601800 0.990000
37.613250 0.990000
37.624700 0.990000
37.636150 0.990000
37.647600 0.990000
37.659050 0.990000
37.670500 0.990000
37.681950 0.990000
37.693400 0.990000
37.704850 0.990000
37.716300 0.990000
37.727750 0.990000
37.739200 0.990000
37.750650 0.990000
37.762100 0.990000
37.773550 0.990000
37.785000 0.990000
37.796450 0.990000
37.807900 0.990000
37.819350 0.990527
37.830800 0.991635
37.842250 0.992997
37.853700 0.994486
37.865150 0.996005
37.876600 0.997464
37.888050 0.998762
37.899500 0.999743
37.910950 1.000000
37.922400 1.000000
37.933850 1.000000
37.945300 1.000000
37.956750 1.000000
37.968200 1.000000
37.979650 1.000000
37.991100 1.000000
38.002550 1.000000
38.014000 1.000000
38.025450 1.000000
38.036900 1.000000
38.048350 1.000000
38.059800 1.000000
38.071250 1.000000
38.082700 1.000000
38.094150 1.000000
38.105600 1.000000
38.117050 1.000000
38.128500 1.000000
38.139950 1.000000
38.151400 1.000000
38.162850 1.000000
38.174300 1.000000
38.185750 1.000000
38.197200 1.000000
38.208650 1.000000
38.220100 1.000000
38.231550 1.000000
38.243000 1.000000
38.254450 1.000000
38.265900 1.000000
38.277350 1.000000
38.288800 1.000000
38.300250 1.000000
38.311700 1.000000
38.323150 1.000000
38.334600 1.000000
38.346050 1.000000
38.357500 1.000000
38.368950 1.000000
38.380400 1.000000
38.391850 1.000000
38.403300 1.000000
38.414750 1.000000
38.426200 1.000000
38.437650 1.000000
38.449100 1.000000
38.460550 1.000000
38.472000 1.000000
38.483450 1.000000
38.494900 1.000000
38.506350 1.000000
38.517800 1.000000
38.529250 1.000000
38.540700 1.000000
38.552150 1.000000
38.563600 1.000000
38.575050 1.000000
38.586500 1.000000
38.597950 1.000000
38.609400 1.000000
38.620850 1.000000
38.632300 1.000000
38.643750 1.000000
38.655200 1.000000
38.666650 1.000000
38.678100 1.000000
38.689550 1.000000
38.701000 1.000000
38.712450 1.000000
38.723900 1.000000
38.735350 1.000000
38.746800 1.000000
38.758250 1.000000
38.769700 1.000000
38.781150 1.000000
38.792600 1.000000
38.804050 1.000000
38.815500 1.000000
38.826950 1.000000
38.838400 1.000000
38.849850 1.000000
38.861300 1.000000
38.872750 1.000000
38.884200 1.000000
38.895650 1.000000
38.907100 1.000000
38.918550 1.000000
38.930000 1.000000
38.941450 1.000000
38.952900 1.000000
38.964350 1.000000
38.975800 1.000000
38.987250 1.000000
38.998700 1.000000
39.010150 1.000000
39.021600 1.000000
39.033050 1.000000
39.044500 1.000000
39.055950 1.000000
39.067400 1.000000
39.078850 1.000000
39.090300 1.000000
39.101750 1.000000
39.113200 1.000000
39.124650 1.000000
39.136100 1.000000
39.147550 1.000000
39.159000 1.000000
39.170450 1.000000
39.181900 1.000000
39.193350 1.000000
39.204800 1.000000
39.216250 1.000000
39.227700 1.000000
39.239150 1.000000
39.250600 1.000000
39.262050 1.000000
39.273500 1.000000
39.284950 1.000000
39.296400 1.000000
39.307850 1.000000
39.319300 1.000000
39.330750 1.000000
39.342200 1.000000
39.353650 1.000000
39.365100 1.000000
39.376550 1.000000
39.388000 1.000000
39.399450 1.000000
39.410900 1.000000
39.422350 1.000000
39.433800 1.000000
39.445250 1.000000
39.456700 1.000000
39.468150 1.000000
39.479600 1.000000
39.491050 1.000000
39.502500 1.000000
39.513950 1.000000
39.525400 1.000000
39.536850 1.000000
39.548300 1.000000
39.559750 1.000000
39.571200 1.000000
39.582650 1.000000
39.594100 1.000000
39.605550 1.000000
39.617000 1.000000
39.628450 1.000000
39.639900 1.000000
39.651350 1.000000
39.662800 1.000000
39.674250 1.000000
39.685700 1.000000
39.697150 1.000000
39.708600 1.000000
39.720050 1.000000
39.731500 1.000000
39.742950 1.000000
39.754400 1.000000
39.765850 1.000000
39.777300 1.000000
39.788750 1.000000
39.800200 1.000000
39.811650 1.000000
39.823100 1.000000
39.834550 1.000000
39.846000 1.000000
39.857450 1.000000
39.868900 1.000000
39.880350 1.000000
39.891800 1.000000
39.903250 1.000000
39.914700 1.000000
39.926150 1.000000
39.937600 1.000000
39.949050 1.000000
39.960500 1.000000
39.971950 1.000000
39.983400 1.000000
39.994850 1.000000
